**
**   Template:  Plane Stress Solver 
**   Constraint angle 45 deg test
**
*NODE
         1,  -353.5533905933,  -707.1067811865,  0.0            
         2,  6.536993169E-13,  -353.5533905933,  0.0            
         3,  353.55339059327,  6.536993169E-13,  0.0            
         4,  707.10678118655,  353.55339059328,  0.0            
         5,  353.55339059327,  707.10678118655,  0.0            
         6,  -6.53699317E-13,  353.55339059327,  0.0            
         7,  -353.5533905933,  -6.53699317E-13,  0.0            
         8,  -707.1067811865,  -353.5533905933,  0.0
*ELEMENT,TYPE=S4
         1,       1,       2,       7,       8
         2,       2,       3,       6,       7	 
         3,       3,       4,       5,       6	 
*****
