**
**   Template:  Plane Stress Solver 
**   Constraint angle 45 deg test
**
*NODE
         1,  707.10678118655,  -353.5533905933,  0.0            
         2,  353.55339059327,  1.932676241E-12,  0.0            
         3,  -1.93267624E-12,  353.55339059327,  0.0            
         4,  -353.5533905933,  707.10678118655,  0.0            
         5,  -707.1067811866,  353.55339059327,  0.0            
         6,  -353.5533905933,  -1.93267624E-12,  0.0            
         7,  1.932676241E-12,  -353.5533905933,  0.0            
         8,  353.55339059328,  -707.1067811865,  0.0    
*ELEMENT,TYPE=S4
         1,       1,       2,       7,       8
         2,       2,       3,       6,       7	 
         3,       3,       4,       5,       6	 
*****
