**
**   Template:  Plane Stress Solver 
**   Constraint angle 45 deg test
**
*NODE
         1,  250.0          ,  -750.0         ,  0.0            
         2,  250.0          ,  -250.0         ,  0.0            
         3,  250.0          ,  250.0          ,  0.0            
         4,  250.0          ,  750.0          ,  0.0            
         5,  -250.0         ,  750.0          ,  0.0            
         6,  -250.0         ,  250.0          ,  0.0            
         7,  -250.0         ,  -250.0         ,  0.0            
         8,  -250.0         ,  -750.0         ,  0.0   
*ELEMENT,TYPE=S4
         1,       1,       2,       7,       8
         2,       2,       3,       6,       7	 
         3,       3,       4,       5,       6	 
*****
