**
**   Template:  Plane Stress Solver 
**   Constraint angle 0 deg test
**
*NODE
 1,	591.5063509	,	-524.5190528	,	0
 2,	341.5063509	,	-91.50635095	,	0
 3,	91.50635095	,	341.5063509	,	0
 4,	-158.4936491	,	774.5190528	,	0
 5,	-591.5063509	,	524.5190528	,	0
 6,	-341.5063509	,	91.50635095	,	0
 7,	-91.50635095	,	-341.5063509	,	0
 8,	158.4936491	,	-774.5190528	,	0
*ELEMENT,TYPE=S4
         1,       1,       2,       7,       8
         2,       2,       3,       6,       7	 
         3,       3,       4,       5,       6	 
*****
