**
**   Template:  Plane Stress Solver
**
*NODE
	0,	0,	0,	0
	1,	0.02,	0,	0
	2,	0.04,	0,	0
	3,	0.06,	0,	0
	4,	0.08,	0,	0
	5,	0.1,	0,	0
	6,	0.12,	0,	0
	7,	0.14,	0,	0
	8,	0.16,	0,	0
	9,	0.18,	0,	0
	10,	0.2,	0,	0
	11,	0,	0.015,	0
	12,	0.02,	0.015,	0
	13,	0.04,	0.015,	0
	14,	0.06,	0.015,	0
	15,	0.08,	0.015,	0
	16,	0.1,	0.015,	0
	17,	0.12,	0.015,	0
	18,	0.14,	0.015,	0
	19,	0.16,	0.015,	0
	20,	0.18,	0.015,	0
	21,	0.2,	0.015,	0
	22,	0,	0.03,	0
	23,	0.02,	0.03,	0
	24,	0.04,	0.03,	0
	25,	0.06,	0.03,	0
	26,	0.08,	0.03,	0
	27,	0.1,	0.03,	0
	28,	0.12,	0.03,	0
	29,	0.14,	0.03,	0
	30,	0.16,	0.03,	0
	31,	0.18,	0.03,	0
	32,	0.2,	0.03,	0
*ELEMENT,TYPE=S4
	1,	0,	1,	12,	11
	2,	1,	2,	13,	12
	3,	2,	3,	14,	13
	4,	3,	4,	15,	14
	5,	4,	5,	16,	15
	6,	5,	6,	17,	16
	7,	6,	7,	18,	17
	8,	7,	8,	19,	18
	9,	8,	9,	20,	19
	10,	9,	10,	21,	20
	11,	11,	12,	23,	22
	12,	12,	13,	24,	23
	13,	13,	14,	25,	24
	14,	14,	15,	26,	25
	15,	15,	16,	27,	26
	16,	16,	17,	28,	27
	17,	17,	18,	29,	28
	18,	18,	19,	30,	29
	19,	19,	20,	31,	30
	20,	20,	21,	32,	31		 
*****