**
**   Template:  Plane Stress Analyzer
**
*NODE
         1,  4.3820595286992,  2.7933547861083,  0.0            
         2,  4.5490185466074,  2.6884474820869,  0.0            
         3,  4.4684847715651,  2.7455892427619,  0.0            
         4,  4.3359470476397,  2.6976012325392,  0.0            
         5,  4.4119412396474,  2.6556007272233,  0.0            
         6,  4.4827550315527,  2.6053556623742,  0.0            
         7,  4.0985676143247,  2.8749817190285,  0.0            
         8,  4.1959424506804,  2.858479968393 ,  0.0            
         9,  4.0867165167008,  2.7693859506732,  0.0            
        10,  4.1722932759653,  2.7548661639756,  0.0            
        11,  4.2908296655838,  2.8311434327041,  0.0            
        12,  4.2557281265869,  2.7308289975982,  0.0            
        13,  4.6812967321934,  2.8543190803497,  0.0            
        14,  4.4741113210375,  2.9845023024915,  0.0            
        15,  4.5813594930845,  2.9252283329792,  0.0            
        16,  4.2431519885283,  3.0653184682628,  0.0            
        17,  4.1223403587886,  3.0858546339489,  0.0            
        18,  4.3609009240426,  3.0313955843284,  0.0            
        19,  4.615008899751 ,  2.7711967675973,  0.0            
        20,  4.5247952108189,  2.8352067934511,  0.0            
        21,  4.4279819176176,  2.888713609279 ,  0.0            
        22,  4.3257865034813,  2.9310443358266,  0.0            
        23,  4.219494135038 ,  2.9616666396466,  0.0            
        24,  4.1104076991091,  2.980220008155 ,  0.0            
        25,  4.8311434327041,  2.2908296655838,  0.0            
        26,  4.8749817190285,  2.0985676143247,  0.0            
        27,  4.858479968393 ,  2.1959424506804,  0.0            
        28,  4.7308289975982,  2.2557281265869,  0.0            
        29,  4.7548661639756,  2.1722932759653,  0.0            
        30,  4.7693859506732,  2.0867165167008,  0.0            
        31,  4.6884474820869,  2.5490185466074,  0.0            
        32,  4.7455892427619,  2.4684847715651,  0.0            
        33,  4.6053556623742,  2.4827550315527,  0.0            
        34,  4.6556007272233,  2.4119412396474,  0.0            
        35,  4.7933547861083,  2.3820595286992,  0.0            
        36,  4.6976012325392,  2.3359470476397,  0.0            
        37,  5.0858546339489,  2.1223403587886,  0.0            
        38,  5.0313955843284,  2.3609009240426,  0.0            
        39,  5.0653184682628,  2.2431519885283,  0.0            
        40,  4.9252283329792,  2.5813594930845,  0.0            
        41,  4.8543190803497,  2.6812967321934,  0.0            
        42,  4.9845023024915,  2.4741113210375,  0.0            
        43,  4.980220008155 ,  2.1104076991091,  0.0            
        44,  4.9616666396466,  2.219494135038 ,  0.0            
        45,  4.9310443358266,  2.3257865034813,  0.0            
        46,  4.888713609279 ,  2.4279819176176,  0.0            
        47,  4.8352067934511,  2.5247952108189,  0.0            
        48,  4.7711967675973,  2.615008899751 ,  0.0            
        49,  4.5474978988352,  2.5474978988352,  0.0            
        50,  4.6226480948781,  2.6226480948781,  0.0            
        51,  4.6974884949321,  2.6974884949321,  0.0            
        52,  4.7726662695974,  2.7726662695974,  0.0            
        53,  4.0            ,  2.7733328      ,  0.0            
        54,  4.0            ,  2.8799996      ,  0.0            
        55,  4.0            ,  2.9866664      ,  0.0            
        56,  4.0            ,  3.0933332      ,  0.0            
        57,  5.0933332      ,  2.0            ,  0.0            
        58,  4.9866664      ,  2.0            ,  0.0            
        59,  4.8799996      ,  2.0            ,  0.0            
        60,  4.7733328      ,  2.0            ,  0.0            
        61,  4.666666       ,  2.0            ,  0.0            
        62,  4.6624741441207,  2.0746429094259,  0.0            
        63,  4.6499512915026,  2.1483471409569,  0.0            
        64,  4.6292549242834,  2.2201858211174,  0.0            
        65,  4.600645311289 ,  2.2892555368226,  0.0            
        66,  4.5644822350027,  2.3546876963222,  0.0            
        67,  4.521220467091 ,  2.415659452246 ,  0.0            
        68,  4.4714040493865,  2.4714040493865,  0.0            
        69,  4.415659452246 ,  2.521220467091 ,  0.0            
        70,  4.3546876963222,  2.5644822350027,  0.0            
        71,  4.2892555368226,  2.600645311289 ,  0.0            
        72,  4.2201858211174,  2.6292549242834,  0.0            
        73,  4.1483471409569,  2.6499512915026,  0.0            
        74,  4.0746429094259,  2.6624741441207,  0.0            
        75,  4.0            ,  2.666666       ,  0.0            
        76,  7.8999829933266,  3.8999974519263,  0.0            
        77,  7.7999659846412,  3.8999974652846,  0.0            
        78,  7.8999659850769,  3.7999974657201,  0.0            
        79,  7.8999489768272,  3.6999974795138,  0.0            
        80,  7.6999489759557,  3.8999974786429,  0.0            
        81,  7.7999319681418,  3.7999974924367,  0.0            
        82,  7.5999319672703,  3.8999974920012,  0.0            
        83,  7.8999319685775,  3.5999974933073,  0.0            
        84,  7.6998979512066,  3.7999975191533,  0.0            
        85,  7.7998979516423,  3.6999975195887,  0.0            
        86,  7.8999149603278,  3.4999975071007,  0.0            
        87,  7.4999149585848,  3.8999975053595,  0.0            
        88,  7.5998639342714,  3.7999975458699,  0.0            
        89,  7.7998639351428,  3.5999975467405,  0.0            
        90,  7.6998469264574,  3.6999975596636,  0.0            
        91,  7.3998979498994,  3.8999975187178,  0.0            
        92,  7.8998979573707,  3.3999975234873,  0.0            
        93,  7.4998299173362,  3.7999975725865,  0.0            
        94,  7.7998299186434,  3.4999975738922,  0.0            
        95,  7.6997959017082,  3.5999976001737,  0.0            
        96,  7.5997959012725,  3.6999975997385,  0.0            
        97,  7.8998876596212,  3.2999989308063,  0.0            
        98,  7.2998809412139,  3.8999975320761,  0.0            
        99,  7.399795900401 ,  3.7999975993031,  0.0            
       100,  7.7997959127383,  3.3999976035831,  0.0            
       101,  7.6997448769591,  3.4999976406837,  0.0            
       102,  7.4997448760876,  3.6999976398134,  0.0            
       103,  7.5997278682736,  3.5999976536069,  0.0            
       104,  7.8998895841252,  3.2000014180249,  0.0            
       105,  7.1998639325285,  3.8999975454344,  0.0            
       106,  7.7997809113987,  3.2999988574735,  0.0            
       107,  7.2997618834659,  3.7999976260197,  0.0            
       108,  7.3996938509027,  3.6999976798883,  0.0            
       109,  7.6996938681059,  3.3999976836789,  0.0            
       110,  7.499659834839 ,  3.5999977070401,  0.0            
       111,  7.5996598352747,  3.4999977074752,  0.0            
       112,  7.8998986875416,  3.1000014638281,  0.0            
       113,  7.099846923843 ,  3.8999975587927,  0.0            
       114,  7.7997791694125,  3.2000015036382,  0.0            
       115,  7.1997278665307,  3.7999976527363,  0.0            
       116,  7.6996747521423,  3.2999989397858,  0.0            
       117,  7.2996428257178,  3.6999977199632,  0.0            
       118,  7.3995918014044,  3.5999977604733,  0.0            
       119,  7.5995918234735,  3.3999977637746,  0.0            
       120,  7.4995747935904,  3.4999977742667,  0.0            
       121,  7.8999078976564,  3.0000014568685,  0.0            
       122,  6.9998299151439,  3.8999975721239,  0.0            
       123,  7.7997973761507,  3.1000015417867,  0.0            
       124,  7.0996938495955,  3.799997679453 ,  0.0            
       125,  7.6996687546998,  3.2000015892515,  0.0            
       126,  7.1995918005329,  3.6999977600381,  0.0            
       127,  7.5995690690906,  3.2999990225848,  0.0            
       128,  7.2995237679698,  3.5999978139065,  0.0            
       129,  7.4994897788411,  3.3999978438704,  0.0            
       130,  7.399489751906 ,  3.4999978410582,  0.0            
       131,  7.8999171077713,  2.9000014499089,  0.0            
       132,  7.7998157963804,  3.00000152774  ,  0.0            
       133,  6.8998129064446,  3.899997585329 ,  0.0            
       134,  7.6996960647598,  3.1000016197454,  0.0            
       135,  6.9996598326466,  3.7999977061152,  0.0            
       136,  7.599558339987 ,  3.2000016748648,  0.0            
       137,  7.099540775348 ,  3.699997800113 ,  0.0            
       138,  7.1994557345351,  3.5999978673397,  0.0            
       139,  7.4994613951633,  3.2999991054408,  0.0            
       140,  7.2994047102217,  3.4999979078497,  0.0            
       141,  7.3993877342086,  3.3999979239662,  0.0            
       142,  7.8999263178861,  2.8000014429493,  0.0            
       143,  7.79983421661  ,  2.9000015136932,  0.0            
       144,  6.7997958977587,  3.8999975985069,  0.0            
       145,  7.6997236951043,  3.0000015986114,  0.0            
       146,  6.8996258156973,  3.7999977325254,  0.0            
       147,  7.5995947533689,  3.100001697704 ,  0.0            
       148,  6.9994897501494,  3.6999978401064,  0.0            
       149,  7.4994479252742,  3.2000017604782,  0.0            
       150,  7.0993877011005,  3.5999979207729,  0.0            
       151,  7.1993196685373,  3.4999979746412,  0.0            
       152,  7.3993536724374,  3.2999991882966,  0.0            
       153,  7.2992856895762,  3.399998004062 ,  0.0            
       154,  7.8999355280009,  2.7000014359898,  0.0            
       155,  7.7998526368397,  2.8000014996465,  0.0            
       156,  6.6997788890728,  3.8999976116848,  0.0            
       157,  7.6997513254488,  2.9000015774775,  0.0            
       158,  7.5996315938282,  3.0000016694829,  0.0            
       159,  6.7995917987613,  3.7999977588812,  0.0            
       160,  7.499493441978 ,  3.1000017756626,  0.0            
       161,  6.89943872495  ,  3.6999978797217,  0.0            
       162,  7.3993375105613,  3.2000018460915,  0.0            
       163,  6.9993196676521,  3.5999979740975,  0.0            
       164,  7.099234626853 ,  3.4999980414327,  0.0            
       165,  7.1991836449437,  3.3999980841577,  0.0            
       166,  7.2992459509206,  3.2999992711524,  0.0            
       167,  7.8999447381158,  2.6000014290302,  0.0            
       168,  7.7998710570693,  2.7000014855998,  0.0            
       169,  7.6997789557933,  2.8000015563437,  0.0            
       170,  6.5997618803868,  3.8999976248627,  0.0            
       171,  7.5996684342875,  2.9000016412619,  0.0            
       172,  6.6995577818252,  3.7999977852371,  0.0            
       173,  7.4995394925522,  3.0000017403544,  0.0            
       174,  7.3993921305871,  3.1000018536212,  0.0            
       175,  6.7993876997639,  3.6999979192555,  0.0            
       176,  6.8992516342026,  3.5999980269178,  0.0            
       177,  7.2992270958483,  3.2000019317048,  0.0            
       178,  6.9991495851821,  3.4999981081427,  0.0            
       179,  7.0990816003113,  3.3999981642535,  0.0            
       180,  7.1991382294144,  3.2999993540082,  0.0            
       181,  7.8999539482306,  2.5000014220707,  0.0            
       182,  7.799889477299 ,  2.6000014715531,  0.0            
       183,  7.6998065861378,  2.7000015352098,  0.0            
       184,  6.4997448717008,  3.8999976380406,  0.0            
       185,  7.5997052747469,  2.8000016130408,  0.0            
       186,  7.4995855431263,  2.9000017050462,  0.0            
       187,  6.599523764889 ,  3.799997811593 ,  0.0            
       188,  7.3994473912761,  3.0000018112258,  0.0            
       189,  6.6993366745776,  3.6999979587893,  0.0            
       190,  7.2992908191962,  3.1000019315798,  0.0            
       191,  6.7991836007664,  3.5999980796296,  0.0            
       192,  7.1991166811352,  3.2000020173181,  0.0            
       193,  6.8990645435103,  3.4999981744399,  0.0            
       194,  6.9989795557194,  3.399998244295 ,  0.0            
       195,  7.0990305079384,  3.2999994368685,  0.0            
       196,  7.8999631583454,  2.4000014151112,  0.0            
       197,  7.7999078975287,  2.5000014575065,  0.0            
       198,  7.6998342164822,  2.600001514076 ,  0.0            
       199,  7.5997421152062,  2.7000015848198,  0.0            
       200,  6.3997278630147,  3.8999976512186,  0.0            
       201,  7.4996315937005,  2.800001669738 ,  0.0            
       202,  7.3995026519651,  2.9000017688305,  0.0            
       203,  6.4994897479526,  3.7999978379488,  0.0            
       204,  7.29935529     ,  3.0000018820973,  0.0            
       205,  6.5992856493911,  3.699997998323 ,  0.0            
       206,  7.1991895078053,  3.1000020095384,  0.0            
       207,  6.69911556733  ,  3.5999981323413,  0.0            
       208,  7.0990062664221,  3.2000021029314,  0.0            
       209,  6.7989795018247,  3.4999982406556,  0.0            
       210,  6.8988775111271,  3.3999983240844,  0.0            
       211,  6.9989227865034,  3.2999995197679,  0.0            
       212,  7.8999723684602,  2.3000014081518,  0.0            
       213,  7.7999263177583,  2.4000014434598,  0.0            
       214,  7.6998618468267,  2.5000014929422,  0.0            
       215,  7.5997789556655,  2.6000015565989,  0.0            
       216,  6.2997108543286,  3.8999976643965,  0.0            
       217,  7.4996776442746,  2.7000016344299,  0.0            
       218,  7.399557912654 ,  2.8000017264352,  0.0            
       219,  6.3994557310162,  3.7999978643047,  0.0            
       220,  7.2994197608038,  2.9000018326148,  0.0            
       221,  7.1992631887239,  3.0000019529688,  0.0            
       222,  6.4992346242045,  3.6999980378568,  0.0            
       223,  7.0990881964144,  3.100002087497 ,  0.0            
       224,  6.5990475338932,  3.599998185053 ,  0.0            
       225,  6.9988958517496,  3.2000021886534,  0.0            
       226,  6.6988944601389,  3.4999983068712,  0.0            
       227,  6.7987754664938,  3.3999984038194,  0.0            
       228,  6.8988150650682,  3.2999996027604,  0.0            
       229,  7.8999815785751,  2.2000014011924,  0.0            
       230,  7.799944737988 ,  2.3000014294132,  0.0            
       231,  7.6998894771712,  2.4000014718084,  0.0            
       232,  7.5998157961248,  2.5000015283779,  0.0            
       233,  7.4997236948488,  2.6000015991218,  0.0            
       234,  6.1996938456423,  3.8999976775744,  0.0            
       235,  7.399613173343 ,  2.7000016840399,  0.0            
       236,  7.2994842316076,  2.8000017831324,  0.0            
       237,  6.2994217140796,  3.7999978906605,  0.0            
       238,  7.1993368696426,  2.9000018963992,  0.0            
       239,  6.3991835990176,  3.6999980773906,  0.0            
       240,  7.0991710874479,  3.0000020238402,  0.0            
       241,  6.9989868850641,  3.1000021656458,  0.0            
       242,  6.4989795004563,  3.5999982377647,  0.0            
       243,  6.5988094184529,  3.4999983730869,  0.0            
       244,  6.8987854370766,  3.2000022748795,  0.0            
       245,  6.6986734218604,  3.3999984835545,  0.0            
       246,  6.7987073435912,  3.2999996857921,  0.0            
       247,  7.8999907886899,  2.1000013942329,  0.0            
       248,  7.7999631582176,  2.2000014153666,  0.0            
       249,  7.6999171075157,  2.3000014506747,  0.0            
       250,  7.5998526365841,  2.400001500157 ,  0.0            
       251,  7.4997697454229,  2.5000015638137,  0.0            
       252,  6.099676836956 ,  3.8999976907523,  0.0            
       253,  7.399668434032 ,  2.6000016416446,  0.0            
       254,  7.2995487024114,  2.7000017336499,  0.0            
       255,  7.1994105505612,  2.8000018398295,  0.0            
       256,  6.1993876971429,  3.7999979170164,  0.0            
       257,  7.0992539784814,  2.9000019601835,  0.0            
       258,  6.2991325738306,  3.6999981169244,  0.0            
       259,  6.9990789861852,  3.0000020949291,  0.0            
       260,  6.3989114670191,  3.5999982904764,  0.0            
       261,  6.8988855737128,  3.1000022446768,  0.0            
       262,  6.4987243767667,  3.4999984393026,  0.0            
       263,  6.7986750223625,  3.2000023612143,  0.0            
       264,  6.5985713772268,  3.3999985632895,  0.0            
       265,  6.6985996220827,  3.2999997688282,  0.0            
       266,  7.7999815784473,  2.1000014013201,  0.0            
       267,  7.6999447378602,  2.2000014295409,  0.0            
       268,  7.5998894770435,  2.3000014719361,  0.0            
       269,  7.499815795997 ,  2.4000015285056,  0.0            
       270,  7.399723694721 ,  2.5000015992494,  0.0            
       271,  5.9960435316163,  3.8997805685599,  0.0            
       272,  7.2996131732152,  2.6000016841675,  0.0            
       273,  7.1994842314799,  2.70000178326  ,  0.0            
       274,  6.099353680206 ,  3.7999979433722,  0.0            
       275,  7.0993368695148,  2.8000018965267,  0.0            
       276,  6.9991710873062,  2.9000020242123,  0.0            
       277,  6.1990815486434,  3.6999981564582,  0.0            
       278,  6.8989868849213,  3.0000021670609,  0.0            
       279,  6.2988434335816,  3.5999983431881,  0.0            
       280,  6.7987842623204,  3.100002323898 ,  0.0            
       281,  6.3986393350803,  3.4999985055183,  0.0            
       282,  6.6985646076482,  3.2000024475491,  0.0            
       283,  6.4984693325931,  3.3999986430246,  0.0            
       284,  6.5984919005635,  3.2999998518644,  0.0            
       285,  7.6999723682047,  2.1000014084072,  0.0            
       286,  7.5999263175028,  2.2000014437152,  0.0            
       287,  7.4998618465712,  2.3000014931976,  0.0            
       288,  7.39977895541  ,  2.4000015568542,  0.0            
       289,  7.2996776440191,  2.5000016346851,  0.0            
       290,  7.1995579123985,  2.6000017266904,  0.0            
       291,  7.0994197605483,  2.70000183287  ,  0.0            
       292,  5.9953614950638,  3.8007535602388,  0.0            
       293,  6.9992631884546,  2.8000019534412,  0.0            
       294,  6.8990881961299,  2.9000020893754,  0.0            
       295,  6.099030523456 ,  3.699998195992 ,  0.0            
       296,  6.7988947836435,  3.00000223941  ,  0.0            
       297,  6.198775400144 ,  3.5999983958998,  0.0            
       298,  6.6986829509278,  3.1000024031192,  0.0            
       299,  6.2985542933025,  3.4999985715528,  0.0            
       300,  6.5984541929337,  3.2000025338839,  0.0            
       301,  6.3983672879593,  3.3999987227597,  0.0            
       302,  6.4983790623894,  3.2999999349315,  0.0            
       303,  5.891557977443 ,  3.8996561144771,  0.0            
       304,  7.5999631579621,  2.1000014154944,  0.0            
       305,  7.4999078971454,  2.2000014578895,  0.0            
       306,  7.399834216099 ,  2.300001514459 ,  0.0            
       307,  7.2997421148229,  2.4000015852028,  0.0            
       308,  7.1996315933172,  2.5000016701209,  0.0            
       309,  7.0995026515818,  2.6000017692133,  0.0            
       310,  6.9993552896029,  2.7000018826702,  0.0            
       311,  6.8991895073932,  2.800002011364 ,  0.0            
       312,  6.7990053049667,  2.9000021547831,  0.0            
       313,  5.9977970528061,  3.7020781670822,  0.0            
       314,  6.6988026823654,  3.0000023117592,  0.0            
       315,  6.098707366706 ,  3.5999984486116,  0.0            
       316,  6.5985816395349,  3.1000024823404,  0.0            
       317,  6.1984692515222,  3.499998636863 ,  0.0            
       318,  6.4983437782191,  3.2000026202186,  0.0            
       319,  6.2982652431428,  3.3999988021325,  0.0            
       320,  6.3982491815901,  3.3000000180466,  0.0            
       321,  5.7893375676599,  3.899650269624 ,  0.0            
       322,  5.8905096167748,  3.8015305480111,  0.0            
       323,  7.4999539477195,  2.1000014225815,  0.0            
       324,  7.3998894767879,  2.2000014720638,  0.0            
       325,  7.2998065856267,  2.3000015357204,  0.0            
       326,  7.1997052742358,  2.4000016135514,  0.0            
       327,  7.0995855426152,  2.5000017055566,  0.0            
       328,  6.9994473907512,  2.6000018118992,  0.0            
       329,  6.8992908186566,  2.7000019333526,  0.0            
       330,  6.7991158263451,  2.8000020695042,  0.0            
       331,  6.6989224138033,  2.9000022201908,  0.0            
       332,  6.598710581087 ,  3.0000023841083,  0.0            
       333,  5.9990414620045,  3.603097313844 ,  0.0            
       334,  6.4984803281418,  3.1000025615616,  0.0            
       335,  6.0983842098315,  3.499998701992 ,  0.0            
       336,  6.3982333635042,  3.2000027065534,  0.0            
       337,  6.1981631983209,  3.3999988798251,  0.0            
       338,  6.2980737594679,  3.3000001010419,  0.0            
       339,  5.8982149239172,  3.7042433798532,  0.0            
       340,  5.679483680646 ,  3.890469197655 ,  0.0            
       341,  5.7882611373399,  3.8006194291056,  0.0            
       342,  7.3999447374769,  2.1000014296687,  0.0            
       343,  7.2998710564305,  2.2000014862381,  0.0            
       344,  7.1997789551544,  2.3000015569819,  0.0            
       345,  7.0996684336487,  2.4000016418999,  0.0            
       346,  6.9995394918996,  2.5000017411282,  0.0            
       347,  6.8993921299199,  2.6000018553413,  0.0            
       348,  6.7992263477235,  2.7000019842253,  0.0            
       349,  6.6990421452967,  2.8000021276443,  0.0            
       350,  6.5988395226395,  2.9000022855984,  0.0            
       351,  6.4986184798083,  3.0000024564575,  0.0            
       352,  6.3983790167484,  3.1000026407828,  0.0            
       353,  5.9982660642067,  3.5046156262158,  0.0            
       354,  6.2981229489093,  3.2000027924061,  0.0            
       355,  6.0980611536785,  3.3999989571555,  0.0            
       356,  6.1977720116353,  3.300001006488 ,  0.0            
       357,  5.9003710081142,  3.6069070126215,  0.0            
       358,  5.8077306065006,  3.7124460651707,  0.0            
       359,  5.5767196286177,  3.8907283016272,  0.0            
       360,  5.6628501218911,  3.7768886333427,  0.0            
       361,  5.7234447614469,  3.7022400576506,  0.0            
       362,  5.8975290184476,  3.5111347088779,  0.0            
       363,  7.2999355272343,  2.1000014367558,  0.0            
       364,  7.1998526360731,  2.2000015004124,  0.0            
       365,  7.0997513246822,  2.3000015782433,  0.0            
       366,  6.9996315930479,  2.4000016703572,  0.0            
       367,  6.8994934411832,  2.5000017773299,  0.0            
       368,  6.7993368691019,  2.6000018989464,  0.0            
       369,  6.6991618767902,  2.7000020350979,  0.0            
       370,  6.598968464248 ,  2.8000021857845,  0.0            
       371,  6.4987566314754,  2.9000023510061,  0.0            
       372,  6.3985263785294,  3.0000025288066,  0.0            
       373,  6.2982777054761,  3.1000027197626,  0.0            
       374,  6.1980125343177,  3.2000028760186,  0.0            
       375,  5.9964842604125,  3.4065015253706,  0.0            
       376,  6.0966281587045,  3.3012196184952,  0.0            
       377,  5.8009725344589,  3.6165262836415,  0.0            
       378,  5.4750835198916,  3.8915979432932,  0.0            
       379,  5.7050581214938,  3.6235141149022,  0.0            
       380,  5.5515875396681,  3.7863354446113,  0.0            
       381,  5.7962122739172,  3.5211999920193,  0.0            
       382,  5.8931102498069,  3.4161292170421,  0.0            
       383,  7.1999263169917,  2.100001443843 ,  0.0            
       384,  7.0998342157156,  2.2000015145867,  0.0            
       385,  6.9997236941962,  2.3000015995863,  0.0            
       386,  6.8995947524466,  2.4000016993186,  0.0            
       387,  6.7994473904802,  2.5000018136675,  0.0            
       388,  6.6992816082836,  2.6000019425515,  0.0            
       389,  6.5990974058566,  2.7000020859705,  0.0            
       390,  6.4988947831991,  2.8000022439246,  0.0            
       391,  6.398673740311 ,  2.9000024164138,  0.0            
       392,  6.2984342773108,  3.000002601035 ,  0.0            
       393,  6.1981763942055,  3.1000027976221,  0.0            
       394,  6.0979021200551,  3.2000029600533,  0.0            
       395,  5.9946048492386,  3.3083243096643,  0.0            
       396,  5.6156232524713,  3.6594383618699,  0.0            
       397,  5.3723728924637,  3.8961361395547,  0.0            
       398,  5.4469860285516,  3.7866752885144,  0.0            
       399,  5.6950899213978,  3.5389006244485,  0.0            
       400,  5.7882969588242,  3.4301549161341,  0.0            
       401,  5.8886846766717,  3.3210928743883,  0.0            
       402,  7.0999171067491,  2.1000014509301,  0.0            
       403,  6.9998157953446,  2.2000015288153,  0.0            
       404,  6.8996960637099,  2.3000016213073,  0.0            
       405,  6.7995579118586,  2.4000017283887,  0.0            
       406,  6.6994013397771,  2.5000018500051,  0.0            
       407,  6.5992263474652,  2.6000019861566,  0.0            
       408,  6.4990329349228,  2.7000021368432,  0.0            
       409,  6.3988211021499,  2.8000023020648,  0.0            
       410,  6.2985908491464,  2.9000024818214,  0.0            
       411,  6.1983421760928,  3.0000026727805,  0.0            
       412,  6.0980750820145,  3.1000028770514,  0.0            
       413,  5.9936741051794,  3.2099511918572,  0.0            
       414,  5.5158728475642,  3.680344045413 ,  0.0            
       415,  5.2697890007993,  3.8984668734131,  0.0            
       416,  5.3442092112226,  3.7912328692781,  0.0            
       417,  5.5986553486438,  3.5623385885356,  0.0            
       418,  5.68133374126  ,  3.4490178357451,  0.0            
       419,  5.7795963409822,  3.3388105963012,  0.0            
       420,  5.8863184867345,  3.2251902355285,  0.0            
       421,  5.4201699227666,  3.6775094955624,  0.0            
       422,  6.9999078964929,  2.1000014580444,  0.0            
       423,  6.8997973749732,  2.200001543296 ,  0.0            
       424,  6.799668433237 ,  2.3000016431099,  0.0            
       425,  6.6995210712705,  2.4000017574588,  0.0            
       426,  6.5993552890737,  2.5000018863427,  0.0            
       427,  6.4991710866465,  2.6000020297617,  0.0            
       428,  6.3989684639888,  2.7000021877158,  0.0            
       429,  6.2987474211004,  2.8000023602049,  0.0            
       430,  6.1985079579814,  2.9000025472291,  0.0            
       431,  6.0982500744814,  3.0000027453108,  0.0            
       432,  5.9930380201912,  3.1108104878822,  0.0            
       433,  5.1685779752541,  3.8998704624025,  0.0            
       434,  5.2414859562823,  3.797821706531 ,  0.0            
       435,  5.4995045526436,  3.5827514198818,  0.0            
       436,  5.584068577244 ,  3.4685393280441,  0.0            
       437,  5.6609929280589,  3.3663119231189,  0.0            
       438,  5.7758298291708,  3.2458461150994,  0.0            
       439,  5.8857654263761,  3.1272403160374,  0.0            
       440,  5.3151956467129,  3.6835684024539,  0.0            
       441,  6.8998986862365,  2.1000014652848,  0.0            
       442,  6.7997789546154,  2.2000015578311,  0.0            
       443,  6.699640802764 ,  2.3000016649124,  0.0            
       444,  6.5994842306823,  2.4000017865288,  0.0            
       445,  6.4993092383702,  2.5000019226803,  0.0            
       446,  6.3991158258277,  2.6000020733668,  0.0            
       447,  6.2989039930546,  2.7000022385884,  0.0            
       448,  6.1986737400507,  2.800002418345 ,  0.0            
       449,  6.0984250668161,  2.9000026126368,  0.0            
       450,  5.992584066578 ,  3.0111732817614,  0.0            
       451,  5.0640200654184,  3.9002668787967,  0.0            
       452,  5.4945372408976,  3.4949561404388,  0.0            
       453,  5.4055900601037,  3.5650742346209,  0.0            
       454,  5.536755142529 ,  3.3915646027576,  0.0            
       455,  5.6523780681687,  3.2699356123479,  0.0            
       456,  5.1374806325835,  3.804577728048 ,  0.0            
       457,  5.776631006879 ,  3.1488837797012,  0.0            
       458,  5.21205996053  ,  3.6940942453751,  0.0            
       459,  5.885452603816 ,  3.0277677409654,  0.0            
       460,  6.7998894759937,  2.1000014725523,  0.0            
       461,  6.6997605342574,  2.2000015723661,  0.0            
       462,  6.5996131722909,  2.300001686715 ,  0.0            
       463,  6.499447390094 ,  2.4000018155989,  0.0            
       464,  6.3992631876666,  2.5000019590179,  0.0            
       465,  6.2990605650086,  2.6000021169719,  0.0            
       466,  6.1988395221201,  2.700002289461 ,  0.0            
       467,  6.0986000590007,  2.8000024764852,  0.0            
       468,  5.9924248524683,  2.9107229376522,  0.0            
       469,  5.2932449302116,  3.5761132897582,  0.0            
       470,  4.9614709419662,  3.9051965938226,  0.0            
       471,  5.5226476988693,  3.2883494377469,  0.0            
       472,  5.6646447832009,  3.1741981711327,  0.0            
       473,  5.031709775333 ,  3.8116046427166,  0.0            
       474,  5.7765195602182,  3.0492361464302,  0.0            
       475,  5.1068920881931,  3.7051515683879,  0.0            
       476,  5.8855558846887,  2.9262751138052,  0.0            
       477,  5.4053017553506,  3.4326403540058,  0.0            
       478,  6.6998802657509,  2.1000014798198,  0.0            
       479,  6.5997421138994,  2.2000015869012,  0.0            
       480,  6.4995855418177,  2.3000017085175,  0.0            
       481,  6.3994105495055,  2.400001844669 ,  0.0            
       482,  6.2992171369628,  2.5000019953555,  0.0            
       483,  6.1990053041894,  2.600002160577 ,  0.0            
       484,  6.0987750511853,  2.7000023403337,  0.0            
       485,  5.9926536680694,  2.8098387806938,  0.0            
       486,  5.1863498947148,  3.5867419945249,  0.0            
       487,  5.558228301511 ,  3.1896056599852,  0.0            
       488,  4.8705041546176,  3.9161101776754,  0.0            
       489,  5.6643413638275,  3.0727454881336,  0.0            
       490,  4.9242077362574,  3.8211290777067,  0.0            
       491,  5.776790168412 ,  2.9462218463101,  0.0            
       492,  5.2887809662371,  3.4624038778902,  0.0            
       493,  4.9993102072606,  3.7163197505093,  0.0            
       494,  5.886262231125 ,  2.8236815039367,  0.0            
       495,  4.7873678638737,  3.9308057607823,  0.0            
       496,  6.599871055508 ,  2.1000014870874,  0.0            
       497,  6.4997236935414,  2.2000016014362,  0.0            
       498,  6.3995579113444,  2.3000017303201,  0.0            
       499,  6.2993737089168,  2.400001873739 ,  0.0            
       500,  6.1991710862588,  2.5000020316931,  0.0            
       501,  6.09895004337  ,  2.6000022041822,  0.0            
       502,  5.9931585685902,  2.7084331680723,  0.0            
       503,  5.0789980340194,  3.6020224629096,  0.0            
       504,  5.5494651604533,  3.0943461036647,  0.0            
       505,  5.4590578525655,  3.2104005633805,  0.0            
       506,  5.3869977803215,  3.3086653459828,  0.0            
       507,  4.8255028387288,  3.8393285850002,  0.0            
       508,  5.6649497185441,  2.9682845710662,  0.0            
       509,  5.1645510553891,  3.4764616896771,  0.0            
       510,  4.8907500506669,  3.7300396243254,  0.0            
       511,  5.7782623866741,  2.8410345165001,  0.0            
       512,  5.8870603223126,  2.7200294549333,  0.0            
       513,  5.4262195941587,  3.1200158531232,  0.0            
       514,  4.9700268260977,  3.6167865176964,  0.0            
       515,  6.4998618452651,  2.1000014943549,  0.0            
       516,  6.3997052731832,  2.2000016159712,  0.0            
       517,  6.299530280871 ,  2.3000017521226,  0.0            
       518,  6.1993368683281,  2.4000019028091,  0.0            
       519,  6.0991250355546,  2.5000020680307,  0.0            
       520,  5.9940023697224,  2.6069460478014,  0.0            
       521,  5.2644167093345,  3.3512815916808,  0.0            
       522,  4.7185374462728,  3.8669414630712,  0.0            
       523,  5.5374493631988,  2.9895830071142,  0.0            
       524,  5.0535943068463,  3.495168112678 ,  0.0            
       525,  4.7917150795156,  3.7483722797312,  0.0            
       526,  5.6730157469364,  2.8615731917125,  0.0            
       527,  5.3270120427796,  3.1904044937562,  0.0            
       528,  5.778730852447 ,  2.7344189629939,  0.0            
       529,  5.8888158351162,  2.6162622314763,  0.0            
       530,  4.8621133117337,  3.6332082696834,  0.0            
       531,  5.1396017334803,  3.3634028604105,  0.0            
       532,  6.3998526350221,  2.1000015016224,  0.0            
       533,  6.299686852825 ,  2.2000016305063,  0.0            
       534,  6.1995026503974,  2.3000017739252,  0.0            
       535,  6.0993000277392,  2.4000019318792,  0.0            
       536,  5.9949985878274,  2.5053551079089,  0.0            
       537,  4.9430941427508,  3.513484062034 ,  0.0            
       538,  5.406687684721 ,  3.0147285316239,  0.0            
       539,  4.5866129794862,  3.8836679226919,  0.0            
       540,  5.5683069979409,  2.8788815367751,  0.0            
       541,  4.6880797859202,  3.7715320121008,  0.0            
       542,  5.2218334881044,  3.2371033661383,  0.0            
       543,  5.6620938477538,  2.7464805872614,  0.0            
       544,  5.0285721443164,  3.3834182223743,  0.0            
       545,  4.7633497914989,  3.6512693543015,  0.0            
       546,  5.7825755459517,  2.6275935757794,  0.0            
       547,  5.8909241656884,  2.5122723085791,  0.0            
       548,  6.2998434247792,  2.1000015088899,  0.0            
       549,  6.1996684324668,  2.2000016450413,  0.0            
       550,  6.0994750199238,  2.3000017957278,  0.0            
       551,  5.9958594262738,  2.4039739676974,  0.0            
       552,  4.8355628171469,  3.5352789457311,  0.0            
       553,  5.305640128035 ,  3.0828494363389,  0.0            
       554,  5.4685273769635,  2.9115485481989,  0.0            
       555,  4.4849925775406,  3.8799611303548,  0.0            
       556,  5.1166553500338,  3.2323066318602,  0.0            
       557,  4.9182367835715,  3.40510700144  ,  0.0            
       558,  5.5414307396568,  2.7605098984937,  0.0            
       559,  4.5770841072071,  3.7868632489541,  0.0            
       560,  4.6669370932244,  3.6747104137474,  0.0            
       561,  5.2075998230624,  3.1400608155675,  0.0            
       562,  5.6767461493663,  2.6343286035876,  0.0            
       563,  5.787088398598 ,  2.5202191958594,  0.0            
       564,  5.8923661944762,  2.4088546313278,  0.0            
       565,  6.1998342145361,  2.1000015161574,  0.0            
       566,  6.0996500121085,  2.2000016595764,  0.0            
       567,  5.9965879678265,  2.3027957084402,  0.0            
       568,  5.4318749614054,  2.8389571601308,  0.0            
       569,  4.724591988812 ,  3.5609274647844,  0.0            
       570,  5.0062388297242,  3.2660411514133,  0.0            
       571,  5.3348028340406,  2.9300664233766,  0.0            
       572,  4.385023272091 ,  3.874573150304 ,  0.0            
       573,  4.8102116293713,  3.4268140986515,  0.0            
       574,  4.5784603774598,  3.6987583011562,  0.0            
       575,  5.5687895628291,  2.6374634131394,  0.0            
       576,  4.4783592735012,  3.7567085873456,  0.0            
       577,  5.2309906995099,  3.0144192738746,  0.0            
       578,  5.6840723428431,  2.5261926455419,  0.0            
       579,  5.7890352191677,  2.4140113198135,  0.0            
       580,  5.8932058414051,  2.3060800910894,  0.0            
       581,  6.0998250042931,  2.100001523425 ,  0.0            
       582,  5.9974466278218,  2.201886742936 ,  0.0            
       583,  4.6115778023245,  3.5925721436139,  0.0            
       584,  5.3808143776972,  2.7902501956521,  0.0            
       585,  4.895829502817 ,  3.2942216580988,  0.0            
       586,  5.4317350904544,  2.6987928013291,  0.0            
       587,  5.1061513524978,  3.0990937224271,  0.0            
       588,  4.6998904949093,  3.4524931997546,  0.0            
       589,  4.2879947576788,  3.8740864117713,  0.0            
       590,  4.9905139368826,  3.149634987911 ,  0.0            
       591,  5.5764197011109,  2.5240981667005,  0.0            
       592,  4.3739151206383,  3.7508491516831,  0.0            
       593,  4.7877628122192,  3.3181906361576,  0.0            
       594,  5.686499604311 ,  2.4172385856248,  0.0            
       595,  5.788610215148 ,  2.3094029744624,  0.0            
       596,  5.8946385592056,  2.2040449838139,  0.0            
       597,  5.9985392958261,  2.1010181412   ,  0.0            
       598,  4.4841805088026,  3.6307200781638,  0.0            
       599,  5.4620660744181,  2.6007755499057,  0.0            
       600,  4.5893255513856,  3.4833527247334,  0.0            
       601,  4.1929292339715,  3.8800019792404,  0.0            
       602,  4.8746562272912,  3.1832834836958,  0.0            
       603,  5.3274987177828,  2.6957653922137,  0.0            
       604,  4.6775779653248,  3.3473274179821,  0.0            
       605,  5.2654428835872,  2.8160491598243,  0.0            
       606,  5.1717113638753,  2.9105557494627,  0.0            
       607,  5.0593330411617,  2.9795990656935,  0.0            
       608,  5.5897251646381,  2.4152342120552,  0.0            
       609,  5.6813191962931,  2.3114471910674,  0.0            
       610,  5.7904190256439,  2.2063958021166,  0.0            
       611,  5.8969505474302,  2.102128234359 ,  0.0            
       612,  4.2767033087065,  3.7499627369822,  0.0            
       613,  4.0976843224784,  3.8936008089874,  0.0            
       614,  4.9566195721755,  3.0374345507018,  0.0            
       615,  5.4741572759014,  2.5025836413653,  0.0            
       616,  4.3692053765457,  3.6379912121372,  0.0            
       617,  4.4709942267097,  3.5186799924118,  0.0            
       618,  4.7652562217173,  3.2062721910826,  0.0            
       619,  4.5678292672078,  3.37907199011  ,  0.0            
       620,  4.1780124418321,  3.7497445862519,  0.0            
       621,  5.3680989851158,  2.5691155278647,  0.0            
       622,  4.6548338305926,  3.240526607938 ,  0.0            
       623,  5.5660761737233,  2.318449326464 ,  0.0            
       624,  5.7946830956597,  2.1034251708018,  0.0            
       625,  5.5010360578695,  2.4164378726803,  0.0            
       626,  5.6836431266304,  2.2085438884012,  0.0            
       627,  4.8528712920633,  3.0788430261196,  0.0            
       628,  5.2347266601905,  2.639594973688 ,  0.0            
       629,  5.1802880118508,  2.7408971326558,  0.0            
       630,  4.0864012938919,  3.7946717320067,  0.0            
       631,  5.1016143410098,  2.8279195169695,  0.0            
       632,  4.3634623545896,  3.5380772295457,  0.0            
       633,  4.4653917803883,  3.4143939867272,  0.0            
       634,  4.259970754573 ,  3.6246260784997,  0.0            
       635,  5.0101294486697,  2.8607805542509,  0.0            
       636,  4.9185501262094,  2.9285202260604,  0.0            
       637,  4.5365210279525,  3.2872170953634,  0.0            
       638,  5.3830643466559,  2.4547126966222,  0.0            
       639,  4.7492889476077,  3.074386645497 ,  0.0            
       640,  5.6914516809918,  2.104802477949 ,  0.0            
       641,  5.5731087557894,  2.2124154188332,  0.0            
       642,  4.837762614359 ,  2.9838597737906,  0.0            
       643,  4.3699059825995,  3.4426771776991,  0.0            
       644,  5.2746939199279,  2.5305626001519,  0.0            
       645,  4.6409020568784,  3.1299571405382,  0.0            
       646,  4.0738005089229,  3.7048987298859,  0.0            
       647,  5.0482140596038,  2.7503330950142,  0.0            
       648,  5.1026093670432,  2.6752882247154,  0.0            
       649,  4.2554365735683,  3.507517322015 ,  0.0            
       650,  5.4335976841436,  2.3318740923893,  0.0            
       651,  4.4102054930295,  3.3328188908583,  0.0            
       652,  5.1509784298267,  2.5892193503058,  0.0            
       653,  4.1336506622074,  3.6244842527633,  0.0            
       654,  4.524893150882 ,  3.1845378764099,  0.0            
       655,  5.5878221984772,  2.1065570346976,  0.0            
       656,  5.2672502684377,  2.4297866446656,  0.0            
       657,  5.4618654388515,  2.2232452170469,  0.0            
       658,  5.1877601059567,  2.5050823065299,  0.0            
       659,  4.2688035368339,  3.3751135077238,  0.0            
       660,  4.3993033199494,  3.2320318978651,  0.0            
       661,  4.12981496183  ,  3.5100809778749,  0.0            
       662,  5.3039378501508,  2.3049823718309,  0.0            
       663,  5.485690884916 ,  2.1076459454794,  0.0            
       664,  4.2679308577549,  3.271089903728 ,  0.0            
       665,  5.3653892439001,  2.2064879138328,  0.0            
       666,  4.135724004023 ,  3.394798978339 ,  0.0            
       667,  5.3866334182989,  2.1035261476202,  0.0            
       668,  5.2752346465121,  2.193539673794 ,  0.0            
       669,  4.1350734890941,  3.29203999581  ,  0.0            
       670,  5.288423319953 ,  2.1015031186728,  0.0            
       671,  4.1            ,  4.0            ,  0.0            
       672,  4.2            ,  4.0            ,  0.0            
       673,  4.3            ,  4.0            ,  0.0            
       674,  4.3910695225866,  4.0            ,  0.0            
       675,  4.4914588636924,  4.0            ,  0.0            
       676,  4.5951055800332,  4.0            ,  0.0            
       677,  4.7177770151988,  4.0            ,  0.0            
       678,  4.786968361263 ,  4.0            ,  0.0            
       679,  4.8721375642529,  4.0            ,  0.0            
       680,  4.9686899225616,  4.0            ,  0.0            
       681,  5.0723259496796,  4.0            ,  0.0            
       682,  5.1803627198817,  4.0            ,  0.0            
       683,  5.2825019154158,  4.0            ,  0.0            
       684,  5.3860781610448,  4.0            ,  0.0            
       685,  5.4893366362173,  4.0            ,  0.0            
       686,  5.5914322909502,  4.0            ,  0.0            
       687,  5.6929511345981,  4.0            ,  0.0            
       688,  5.7976756930375,  4.0            ,  0.0            
       689,  5.9            ,  4.0            ,  0.0            
       690,  6.0            ,  4.0            ,  0.0            
       691,  6.1            ,  4.0            ,  0.0            
       692,  6.2            ,  4.0            ,  0.0            
       693,  6.3            ,  4.0            ,  0.0            
       694,  6.4            ,  4.0            ,  0.0            
       695,  6.5            ,  4.0            ,  0.0            
       696,  6.6            ,  4.0            ,  0.0            
       697,  6.7            ,  4.0            ,  0.0            
       698,  6.8            ,  4.0            ,  0.0            
       699,  6.9            ,  4.0            ,  0.0            
       700,  7.0            ,  4.0            ,  0.0            
       701,  7.1            ,  4.0            ,  0.0            
       702,  7.2            ,  4.0            ,  0.0            
       703,  7.3            ,  4.0            ,  0.0            
       704,  7.4            ,  4.0            ,  0.0            
       705,  7.5            ,  4.0            ,  0.0            
       706,  7.6            ,  4.0            ,  0.0            
       707,  7.7            ,  4.0            ,  0.0            
       708,  7.8            ,  4.0            ,  0.0            
       709,  7.9            ,  4.0            ,  0.0            
       710,  8.0            ,  4.0            ,  0.0            
       711,  8.0            ,  3.9            ,  0.0            
       712,  8.0            ,  3.8            ,  0.0            
       713,  8.0            ,  3.7            ,  0.0            
       714,  8.0            ,  3.6            ,  0.0            
       715,  8.0            ,  3.5            ,  0.0            
       716,  8.0            ,  3.4            ,  0.0            
       717,  8.0            ,  3.3            ,  0.0            
       718,  8.0            ,  3.2            ,  0.0            
       719,  8.0            ,  3.1            ,  0.0            
       720,  8.0            ,  3.0            ,  0.0            
       721,  8.0            ,  2.9            ,  0.0            
       722,  8.0            ,  2.8            ,  0.0            
       723,  8.0            ,  2.7            ,  0.0            
       724,  8.0            ,  2.6            ,  0.0            
       725,  8.0            ,  2.5            ,  0.0            
       726,  8.0            ,  2.4            ,  0.0            
       727,  8.0            ,  2.3            ,  0.0            
       728,  8.0            ,  2.2            ,  0.0            
       729,  8.0            ,  2.1            ,  0.0            
       730,  8.0            ,  2.0            ,  0.0            
       731,  7.9            ,  2.0            ,  0.0            
       732,  7.8            ,  2.0            ,  0.0            
       733,  7.7            ,  2.0            ,  0.0            
       734,  7.6            ,  2.0            ,  0.0            
       735,  7.5            ,  2.0            ,  0.0            
       736,  7.4            ,  2.0            ,  0.0            
       737,  7.3            ,  2.0            ,  0.0            
       738,  7.2            ,  2.0            ,  0.0            
       739,  7.1            ,  2.0            ,  0.0            
       740,  7.0            ,  2.0            ,  0.0            
       741,  6.9            ,  2.0            ,  0.0            
       742,  6.8            ,  2.0            ,  0.0            
       743,  6.7            ,  2.0            ,  0.0            
       744,  6.6            ,  2.0            ,  0.0            
       745,  6.5            ,  2.0            ,  0.0            
       746,  6.4            ,  2.0            ,  0.0            
       747,  6.3            ,  2.0            ,  0.0            
       748,  6.2            ,  2.0            ,  0.0            
       749,  6.1            ,  2.0            ,  0.0            
       750,  6.0            ,  2.0            ,  0.0            
       751,  5.9            ,  2.0            ,  0.0            
       752,  5.8            ,  2.0            ,  0.0            
       753,  5.7            ,  2.0            ,  0.0            
       754,  5.6            ,  2.0            ,  0.0            
       755,  5.4994473070134,  2.0            ,  0.0            
       756,  5.4            ,  2.0            ,  0.0            
       757,  5.3            ,  2.0            ,  0.0            
       758,  5.2            ,  2.0            ,  0.0            
       759,  5.1873376630811,  2.1322002138453,  0.0            
       760,  5.1699134946182,  2.2670251207476,  0.0            
       761,  5.13265999637  ,  2.3963348743462,  0.0            
       762,  5.0811626414829,  2.5206604869411,  0.0            
       763,  5.0152448420426,  2.6384384918184,  0.0            
       764,  4.9381977789616,  2.7481877622305,  0.0            
       765,  4.8475901257528,  2.8494661490949,  0.0            
       766,  4.7481877622305,  2.9381977789616,  0.0            
       767,  4.6365568106458,  3.016069039074 ,  0.0            
       768,  4.518951350203 ,  3.0785853609452,  0.0            
       769,  4.3946318756334,  3.1292539989444,  0.0            
       770,  4.2652748166787,  3.1699134946182,  0.0            
       771,  4.1334710388874,  3.1915683194354,  0.0            
       772,  4.0            ,  3.2            ,  0.0            
       773,  4.0            ,  3.3            ,  0.0            
       774,  4.0            ,  3.4            ,  0.0            
       775,  4.0            ,  3.5            ,  0.0            
       776,  4.0            ,  3.6152327786417,  0.0            
       777,  4.0            ,  3.7            ,  0.0            
       778,  4.0            ,  3.8            ,  0.0            
       779,  4.0            ,  3.9            ,  0.0            
       780,  4.0            ,  4.0            ,  0.0            
*ELEMENT,TYPE=S4
         1,         4,         5,         3,         1
         2,        12,         4,         1,        11
         3,         1,         3,        20,        21
         4,        11,         1,        21,        22
         5,         6,        49,        50,         2
         6,         5,         6,         2,         3
         7,         2,        50,        51,        19
         8,         3,         2,        19,        20
         9,         4,        12,        72,        71
        10,         5,         4,        71,        70
        11,         6,         5,        70,        69
        12,        49,         6,        69,        68
        13,         9,        10,         8,         7
        14,        53,         9,         7,        54
        15,         7,         8,        23,        24
        16,        54,         7,        24,        55
        17,        11,         8,        10,        12
        18,        22,        23,         8,        11
        19,         9,        53,        75,        74
        20,        10,         9,        74,        73
        21,        12,        10,        73,        72
        22,        13,        52,       765,       766
        23,        19,        51,        52,        13
        24,        15,        13,       766,       767
        25,        20,        19,        13,        15
        26,        14,        15,       767,       768
        27,        21,        20,        15,        14
        28,        18,        14,       768,       769
        29,        22,        21,        14,        18
        30,        16,        18,       769,       770
        31,        23,        22,        18,        16
        32,        17,        16,       770,       771
        33,        24,        23,        16,        17
        34,        56,        17,       771,       772
        35,        55,        24,        17,        56
        36,        28,        29,        27,        25
        37,        36,        28,        25,        35
        38,        25,        27,        44,        45
        39,        35,        25,        45,        46
        40,        30,        60,        59,        26
        41,        29,        30,        26,        27
        42,        26,        59,        58,        43
        43,        27,        26,        43,        44
        44,        28,        36,        65,        64
        45,        29,        28,        64,        63
        46,        30,        29,        63,        62
        47,        60,        30,        62,        61
        48,        33,        34,        32,        31
        49,        49,        33,        31,        50
        50,        31,        32,        47,        48
        51,        50,        31,        48,        51
        52,        35,        32,        34,        36
        53,        46,        47,        32,        35
        54,        33,        49,        68,        67
        55,        34,        33,        67,        66
        56,        36,        34,        66,        65
        57,        37,        57,       758,       759
        58,        43,        58,        57,        37
        59,        39,        37,       759,       760
        60,        44,        43,        37,        39
        61,        38,        39,       760,       761
        62,        45,        44,        39,        38
        63,        42,        38,       761,       762
        64,        46,        45,        38,        42
        65,        40,        42,       762,       763
        66,        47,        46,        42,        40
        67,        41,        40,       763,       764
        68,        48,        47,        40,        41
        69,        52,        41,       764,       765
        70,        51,        48,        41,        52
        71,       710,       709,        76,       711
        72,       711,        76,        78,       712
        73,        77,        76,       709,       708
        74,       712,        78,        79,       713
        75,        80,        77,       708,       707
        76,        81,        78,        76,        77
        77,       713,        79,        83,       714
        78,       707,       706,        82,        80
        79,        85,        79,        78,        81
        80,        84,        81,        77,        80
        81,       706,       705,        87,        82
        82,       714,        83,        86,       715
        83,        80,        82,        88,        84
        84,        79,        85,        89,        83
        85,        90,        85,        81,        84
        86,       715,        86,        92,       716
        87,       705,       704,        91,        87
        88,        83,        89,        94,        86
        89,        82,        87,        93,        88
        90,        85,        90,        95,        89
        91,        84,        88,        96,        90
        92,       716,        92,        97,       717
        93,        98,        91,       704,       703
        94,       100,        92,        86,        94
        95,        87,        91,        99,        93
        96,        89,        95,       101,        94
        97,        88,        93,       102,        96
        98,        90,        96,       103,        95
        99,       717,        97,       104,       718
       100,       105,        98,       703,       702
       101,       106,        97,        92,       100
       102,       107,        99,        91,        98
       103,       109,       100,        94,       101
       104,        93,        99,       108,       102
       105,        96,       102,       110,       103
       106,        95,       103,       111,       101
       107,       718,       104,       112,       719
       108,       702,       701,       113,       105
       109,       114,       104,        97,       106
       110,       115,       107,        98,       105
       111,       116,       106,       100,       109
       112,       117,       108,        99,       107
       113,       102,       108,       118,       110
       114,       101,       111,       119,       109
       115,       103,       110,       120,       111
       116,       719,       112,       121,       720
       117,       701,       700,       122,       113
       118,       104,       114,       123,       112
       119,       105,       113,       124,       115
       120,       125,       114,       106,       116
       121,       126,       117,       107,       115
       122,       109,       119,       127,       116
       123,       108,       117,       128,       118
       124,       111,       120,       129,       119
       125,       110,       118,       130,       120
       126,       131,       721,       720,       121
       127,       700,       699,       133,       122
       128,       112,       123,       132,       121
       129,       113,       122,       135,       124
       130,       114,       125,       134,       123
       131,       115,       124,       137,       126
       132,       116,       127,       136,       125
       133,       117,       126,       138,       128
       134,       119,       129,       139,       127
       135,       118,       128,       140,       130
       136,       120,       130,       141,       129
       137,       142,       722,       721,       131
       138,       699,       698,       144,       133
       139,       143,       131,       121,       132
       140,       123,       134,       145,       132
       141,       122,       133,       146,       135
       142,       125,       136,       147,       134
       143,       124,       135,       148,       137
       144,       126,       137,       150,       138
       145,       127,       139,       149,       136
       146,       128,       138,       151,       140
       147,       129,       141,       152,       139
       148,       153,       141,       130,       140
       149,       154,       723,       722,       142
       150,       156,       144,       698,       697
       151,       155,       142,       131,       143
       152,       157,       143,       132,       145
       153,       133,       144,       159,       146
       154,       134,       147,       158,       145
       155,       135,       146,       161,       148
       156,       136,       149,       160,       147
       157,       137,       148,       163,       150
       158,       139,       152,       162,       149
       159,       138,       150,       164,       151
       160,       165,       153,       140,       151
       161,       166,       152,       141,       153
       162,       167,       724,       723,       154
       163,       168,       154,       142,       155
       164,       697,       696,       170,       156
       165,       169,       155,       143,       157
       166,       171,       157,       145,       158
       167,       172,       159,       144,       156
       168,       147,       160,       173,       158
       169,       146,       159,       175,       161
       170,       149,       162,       174,       160
       171,       148,       161,       176,       163
       172,       150,       163,       178,       164
       173,       177,       162,       152,       166
       174,       151,       164,       179,       165
       175,       180,       166,       153,       165
       176,       181,       725,       724,       167
       177,       182,       167,       154,       168
       178,       696,       695,       184,       170
       179,       155,       169,       183,       168
       180,       185,       169,       157,       171
       181,       156,       170,       187,       172
       182,       186,       171,       158,       173
       183,       189,       175,       159,       172
       184,       160,       174,       188,       173
       185,       161,       175,       191,       176
       186,       162,       177,       190,       174
       187,       163,       176,       193,       178
       188,       192,       177,       166,       180
       189,       164,       178,       194,       179
       190,       165,       179,       195,       180
       191,       196,       726,       725,       181
       192,       197,       181,       167,       182
       193,       695,       694,       200,       184
       194,       168,       183,       198,       182
       195,       169,       185,       199,       183
       196,       201,       185,       171,       186
       197,       170,       184,       203,       187
       198,       202,       186,       173,       188
       199,       172,       187,       205,       189
       200,       174,       190,       204,       188
       201,       207,       191,       175,       189
       202,       177,       192,       206,       190
       203,       176,       191,       209,       193
       204,       180,       195,       208,       192
       205,       210,       194,       178,       193
       206,       179,       194,       211,       195
       207,       212,       727,       726,       196
       208,       213,       196,       181,       197
       209,       182,       198,       214,       197
       210,       694,       693,       216,       200
       211,       183,       199,       215,       198
       212,       217,       199,       185,       201
       213,       184,       200,       219,       203
       214,       218,       201,       186,       202
       215,       220,       202,       188,       204
       216,       187,       203,       222,       205
       217,       190,       206,       221,       204
       218,       189,       205,       224,       207
       219,       192,       208,       223,       206
       220,       226,       209,       191,       207
       221,       227,       210,       193,       209
       222,       195,       211,       225,       208
       223,       228,       211,       194,       210
       224,       229,       728,       727,       212
       225,       230,       212,       196,       213
       226,       231,       213,       197,       214
       227,       234,       216,       693,       692
       228,       198,       215,       232,       214
       229,       233,       215,       199,       217
       230,       235,       217,       201,       218
       231,       200,       216,       237,       219
       232,       236,       218,       202,       220
       233,       238,       220,       204,       221
       234,       203,       219,       239,       222
       235,       206,       223,       240,       221
       236,       205,       222,       242,       224
       237,       208,       225,       241,       223
       238,       207,       224,       243,       226
       239,       245,       227,       209,       226
       240,       244,       225,       211,       228
       241,       246,       228,       210,       227
       242,       247,       729,       728,       229
       243,       248,       229,       212,       230
       244,       249,       230,       213,       231
       245,       250,       231,       214,       232
       246,       692,       691,       252,       234
       247,       251,       232,       215,       233
       248,       253,       233,       217,       235
       249,       256,       237,       216,       234
       250,       254,       235,       218,       236
       251,       255,       236,       220,       238
       252,       219,       237,       258,       239
       253,       257,       238,       221,       240
       254,       223,       241,       259,       240
       255,       222,       239,       260,       242
       256,       224,       242,       262,       243
       257,       261,       241,       225,       244
       258,       264,       245,       226,       243
       259,       263,       244,       228,       246
       260,       265,       246,       227,       245
       261,       731,       730,       729,       247
       262,       266,       247,       229,       248
       263,       267,       248,       230,       249
       264,       268,       249,       231,       250
       265,       691,       690,       271,       252
       266,       269,       250,       232,       251
       267,       270,       251,       233,       253
       268,       272,       253,       235,       254
       269,       234,       252,       274,       256
       270,       236,       255,       273,       254
       271,       275,       255,       238,       257
       272,       277,       258,       237,       256
       273,       276,       257,       240,       259
       274,       239,       258,       279,       260
       275,       278,       259,       241,       261
       276,       242,       260,       281,       262
       277,       280,       261,       244,       263
       278,       283,       264,       243,       262
       279,       246,       265,       282,       263
       280,       284,       265,       245,       264
       281,       732,       731,       247,       266
       282,       248,       267,       285,       266
       283,       286,       267,       249,       268
       284,       287,       268,       250,       269
       285,       288,       269,       251,       270
       286,       289,       270,       253,       272
       287,       254,       273,       290,       272
       288,       252,       271,       292,       274
       289,       255,       275,       291,       273
       290,       293,       275,       257,       276
       291,       256,       274,       295,       277
       292,       294,       276,       259,       278
       293,       297,       279,       258,       277
       294,       296,       278,       261,       280
       295,       260,       279,       299,       281
       296,       263,       282,       298,       280
       297,       301,       283,       262,       281
       298,       265,       284,       300,       282
       299,       302,       284,       264,       283
       300,       271,       690,       689,       303
       301,       266,       285,       733,       732
       302,       267,       286,       304,       285
       303,       305,       286,       268,       287
       304,       306,       287,       269,       288
       305,       307,       288,       270,       289
       306,       272,       290,       308,       289
       307,       273,       291,       309,       290
       308,       310,       291,       275,       293
       309,       311,       293,       276,       294
       310,       274,       292,       313,       295
       311,       312,       294,       278,       296
       312,       277,       295,       315,       297
       313,       280,       298,       314,       296
       314,       317,       299,       279,       297
       315,       282,       300,       316,       298
       316,       319,       301,       281,       299
       317,       318,       300,       284,       302
       318,       320,       302,       283,       301
       319,       303,       689,       688,       321
       320,       292,       271,       303,       322
       321,       285,       304,       734,       733
       322,       323,       304,       286,       305
       323,       287,       306,       324,       305
       324,       325,       306,       288,       307
       325,       326,       307,       289,       308
       326,       290,       309,       327,       308
       327,       328,       309,       291,       310
       328,       329,       310,       293,       311
       329,       330,       311,       294,       312
       330,       331,       312,       296,       314
       331,       295,       313,       333,       315
       332,       298,       316,       332,       314
       333,       297,       315,       335,       317
       334,       334,       316,       300,       318
       335,       337,       319,       299,       317
       336,       336,       318,       302,       320
       337,       338,       320,       301,       319
       338,       322,       339,       313,       292
       339,       321,       688,       687,       340
       340,       322,       303,       321,       341
       341,       735,       734,       304,       323
       342,       305,       324,       342,       323
       343,       306,       325,       343,       324
       344,       344,       325,       307,       326
       345,       345,       326,       308,       327
       346,       346,       327,       309,       328
       347,       347,       328,       310,       329
       348,       348,       329,       311,       330
       349,       349,       330,       312,       331
       350,       350,       331,       314,       332
       351,       351,       332,       316,       334
       352,       315,       333,       353,       335
       353,       352,       334,       318,       336
       354,       355,       337,       317,       335
       355,       354,       336,       320,       338
       356,       356,       338,       319,       337
       357,       339,       357,       333,       313
       358,       340,       687,       686,       359
       359,       341,       358,       339,       322
       360,       341,       321,       340,       360
       361,       353,       333,       357,       362
       362,       323,       342,       736,       735
       363,       324,       343,       363,       342
       364,       325,       344,       364,       343
       365,       365,       344,       326,       345
       366,       366,       345,       327,       346
       367,       367,       346,       328,       347
       368,       368,       347,       329,       348
       369,       330,       349,       369,       348
       370,       370,       349,       331,       350
       371,       371,       350,       332,       351
       372,       372,       351,       334,       352
       373,       373,       352,       336,       354
       374,       375,       355,       335,       353
       375,       338,       356,       374,       354
       376,       376,       356,       337,       355
       377,       358,       377,       357,       339
       378,       359,       686,       685,       378
       379,       341,       360,       361,       358
       380,       360,       340,       359,       380
       381,       362,       357,       377,       381
       382,       379,       377,       358,       361
       383,       375,       353,       362,       382
       384,       342,       363,       737,       736
       385,       343,       364,       383,       363
       386,       344,       365,       384,       364
       387,       385,       365,       345,       366
       388,       386,       366,       346,       367
       389,       387,       367,       347,       368
       390,       348,       369,       388,       368
       391,       349,       370,       389,       369
       392,       390,       370,       350,       371
       393,       391,       371,       351,       372
       394,       392,       372,       352,       373
       395,       354,       374,       393,       373
       396,       356,       376,       394,       374
       397,       395,       376,       355,       375
       398,       378,       685,       684,       397
       399,       396,       379,       361,       360
       400,       380,       359,       378,       398
       401,       381,       377,       379,       399
       402,       382,       362,       381,       400
       403,       396,       360,       380,       414
       404,       395,       375,       382,       401
       405,       363,       383,       738,       737
       406,       364,       384,       402,       383
       407,       365,       385,       403,       384
       408,       404,       385,       366,       386
       409,       405,       386,       367,       387
       410,       368,       388,       406,       387
       411,       369,       389,       407,       388
       412,       408,       389,       370,       390
       413,       409,       390,       371,       391
       414,       410,       391,       372,       392
       415,       373,       393,       411,       392
       416,       374,       394,       412,       393
       417,       413,       394,       376,       395
       418,       397,       684,       683,       415
       419,       398,       378,       397,       416
       420,       399,       379,       396,       417
       421,       400,       381,       399,       418
       422,       401,       382,       400,       419
       423,       414,       380,       398,       421
       424,       401,       420,       413,       395
       425,       383,       402,       739,       738
       426,       384,       403,       422,       402
       427,       385,       404,       423,       403
       428,       424,       404,       386,       405
       429,       425,       405,       387,       406
       430,       388,       407,       426,       406
       431,       427,       407,       389,       408
       432,       428,       408,       390,       409
       433,       429,       409,       391,       410
       434,       430,       410,       392,       411
       435,       393,       412,       431,       411
       436,       432,       412,       394,       413
       437,       683,       682,       433,       415
       438,       417,       396,       414,       435
       439,       416,       397,       415,       434
       440,       418,       399,       417,       436
       441,       419,       400,       418,       437
       442,       421,       398,       416,       440
       443,       419,       438,       420,       401
       444,       420,       439,       432,       413
       445,       402,       422,       740,       739
       446,       403,       423,       441,       422
       447,       404,       424,       442,       423
       448,       443,       424,       405,       425
       449,       444,       425,       406,       426
       450,       445,       426,       407,       427
       451,       446,       427,       408,       428
       452,       447,       428,       409,       429
       453,       448,       429,       410,       430
       454,       449,       430,       411,       431
       455,       450,       431,       412,       432
       456,       451,       433,       682,       681
       457,       435,       414,       421,       453
       458,       415,       433,       456,       434
       459,       417,       435,       452,       436
       460,       437,       418,       436,       454
       461,       437,       455,       438,       419
       462,       440,       416,       434,       458
       463,       438,       457,       439,       420
       464,       450,       432,       439,       459
       465,       422,       441,       741,       740
       466,       423,       442,       460,       441
       467,       424,       443,       461,       442
       468,       462,       443,       425,       444
       469,       463,       444,       426,       445
       470,       464,       445,       427,       446
       471,       465,       446,       428,       447
       472,       429,       448,       466,       447
       473,       467,       448,       430,       449
       474,       468,       449,       431,       450
       475,       453,       421,       440,       469
       476,       470,       451,       681,       680
       477,       473,       456,       433,       451
       478,       454,       471,       455,       437
       479,       453,       477,       452,       435
       480,       454,       436,       452,       477
       481,       455,       472,       457,       438
       482,       434,       456,       475,       458
       483,       459,       439,       457,       474
       484,       476,       468,       450,       459
       485,       469,       440,       458,       486
       486,       441,       460,       742,       741
       487,       442,       461,       478,       460
       488,       443,       462,       479,       461
       489,       480,       462,       444,       463
       490,       481,       463,       445,       464
       491,       482,       464,       446,       465
       492,       447,       466,       483,       465
       493,       448,       467,       484,       466
       494,       485,       467,       449,       468
       495,       680,       679,       488,       470
       496,       471,       487,       472,       455
       497,       490,       473,       451,       470
       498,       474,       457,       472,       489
       499,       469,       492,       477,       453
       500,       493,       475,       456,       473
       501,       491,       476,       459,       474
       502,       477,       506,       471,       454
       503,       458,       475,       503,       486
       504,       494,       485,       468,       476
       505,       460,       478,       743,       742
       506,       461,       479,       496,       478
       507,       462,       480,       497,       479
       508,       498,       480,       463,       481
       509,       499,       481,       464,       482
       510,       465,       483,       500,       482
       511,       466,       484,       501,       483
       512,       502,       484,       467,       485
       513,       488,       679,       678,       495
       514,       489,       472,       487,       504
       515,       470,       488,       507,       490
       516,       486,       509,       492,       469
       517,       471,       506,       505,       487
       518,       474,       489,       508,       491
       519,       510,       493,       473,       490
       520,       511,       494,       476,       491
       521,       475,       493,       514,       503
       522,       485,       494,       512,       502
       523,       492,       521,       506,       477
       524,       478,       496,       744,       743
       525,       479,       497,       515,       496
       526,       480,       498,       516,       497
       527,       517,       498,       481,       499
       528,       518,       499,       482,       500
       529,       483,       501,       519,       500
       530,       520,       501,       484,       502
       531,       677,       522,       495,       678
       532,       513,       504,       487,       505
       533,       507,       488,       495,       522
       534,       486,       503,       524,       509
       535,       489,       504,       523,       508
       536,       490,       507,       525,       510
       537,       491,       508,       526,       511
       538,       527,       513,       505,       506
       539,       509,       531,       521,       492
       540,       494,       511,       528,       512
       541,       493,       510,       530,       514
       542,       502,       512,       529,       520
       543,       496,       515,       745,       744
       544,       497,       516,       532,       515
       545,       498,       517,       533,       516
       546,       534,       517,       499,       518
       547,       535,       518,       500,       519
       548,       536,       519,       501,       520
       549,       503,       514,       537,       524
       550,       539,       522,       677,       676
       551,       538,       523,       504,       513
       552,       507,       522,       541,       525
       553,       521,       542,       527,       506
       554,       508,       523,       540,       526
       555,       509,       524,       544,       531
       556,       511,       526,       543,       528
       557,       510,       525,       545,       530
       558,       512,       528,       546,       529
       559,       520,       529,       547,       536
       560,       515,       532,       746,       745
       561,       516,       533,       548,       532
       562,       517,       534,       549,       533
       563,       550,       534,       518,       535
       564,       551,       535,       519,       536
       565,       514,       530,       552,       537
       566,       513,       527,       553,       538
       567,       555,       539,       676,       675
       568,       531,       556,       542,       521
       569,       540,       523,       538,       554
       570,       559,       541,       522,       539
       571,       557,       544,       524,       537
       572,       526,       540,       558,       543
       573,       525,       541,       560,       545
       574,       528,       543,       562,       546
       575,       553,       527,       542,       561
       576,       529,       546,       563,       547
       577,       530,       545,       569,       552
       578,       564,       551,       536,       547
       579,       532,       548,       747,       746
       580,       533,       549,       565,       548
       581,       534,       550,       566,       549
       582,       567,       550,       535,       551
       583,       531,       544,       570,       556
       584,       572,       555,       675,       674
       585,       573,       557,       537,       552
       586,       568,       558,       540,       554
       587,       576,       559,       539,       555
       588,       538,       571,       568,       554
       589,       560,       541,       559,       574
       590,       571,       538,       553,       577
       591,       543,       558,       575,       562
       592,       556,       587,       561,       542
       593,       546,       562,       578,       563
       594,       545,       560,       583,       569
       595,       585,       570,       544,       557
       596,       579,       564,       547,       563
       597,       580,       567,       551,       564
       598,       548,       565,       748,       747
       599,       549,       566,       581,       565
       600,       550,       567,       582,       566
       601,       589,       572,       674,       673
       602,       552,       569,       588,       573
       603,       577,       553,       561,       587
       604,       586,       558,       568,       584
       605,       592,       576,       555,       572
       606,       556,       570,       590,       587
       607,       576,       598,       574,       559
       608,       593,       585,       557,       573
       609,       562,       575,       591,       578
       610,       583,       560,       574,       598
       611,       586,       599,       575,       558
       612,       563,       578,       594,       579
       613,       595,       580,       564,       579
       614,       565,       581,       749,       748
       615,       567,       580,       596,       582
       616,       566,       582,       597,       581
       617,       568,       571,       605,       584
       618,       569,       583,       600,       588
       619,       673,       672,       601,       589
       620,       570,       585,       602,       590
       621,       573,       588,       604,       593
       622,       577,       606,       605,       571
       623,       612,       592,       572,       589
       624,       605,       603,       586,       584
       625,       607,       606,       577,       587
       626,       578,       591,       608,       594
       627,       579,       594,       609,       595
       628,       580,       595,       610,       596
       629,       582,       596,       611,       597
       630,       581,       597,       750,       749
       631,       576,       592,       616,       598
       632,       599,       615,       591,       575
       633,       613,       601,       672,       671
       634,       583,       598,       617,       600
       635,       585,       593,       618,       602
       636,       587,       590,       614,       607
       637,       603,       621,       599,       586
       638,       588,       600,       619,       604
       639,       589,       601,       620,       612
       640,       627,       614,       590,       602
       641,       593,       604,       622,       618
       642,       594,       608,       623,       609
       643,       595,       609,       626,       610
       644,       596,       610,       624,       611
       645,       597,       611,       751,       750
       646,       591,       615,       625,       608
       647,       779,       613,       671,       780
       648,       592,       612,       634,       616
       649,       632,       617,       598,       616
       650,       600,       617,       633,       619
       651,       630,       620,       601,       613
       652,       605,       629,       628,       603
       653,       606,       631,       629,       605
       654,       621,       638,       615,       599
       655,       607,       635,       631,       606
       656,       604,       619,       637,       622
       657,       639,       627,       602,       618
       658,       607,       614,       636,       635
       659,       628,       644,       621,       603
       660,       609,       623,       641,       626
       661,       611,       624,       752,       751
       662,       610,       626,       640,       624
       663,       623,       608,       625,       650
       664,       778,       630,       613,       779
       665,       612,       620,       653,       634
       666,       636,       614,       627,       642
       667,       633,       617,       632,       643
       668,       618,       622,       645,       639
       669,       638,       650,       625,       615
       670,       649,       632,       616,       634
       671,       619,       633,       651,       637
       672,       620,       630,       646,       653
       673,       652,       628,       629,       648
       674,       629,       631,       647,       648
       675,       622,       637,       654,       645
       676,       644,       656,       638,       621
       677,       624,       640,       753,       752
       678,       626,       641,       655,       640
       679,       639,       766,       642,       627
       680,       635,       764,       647,       631
       681,       778,       777,       646,       630
       682,       650,       657,       641,       623
       683,       628,       652,       658,       644
       684,       635,       636,       765,       764
       685,       649,       659,       643,       632
       686,       651,       633,       643,       659
       687,       765,       636,       642,       766
       688,       634,       653,       661,       649
       689,       639,       645,       767,       766
       690,       637,       651,       660,       654
       691,       763,       648,       647,       764
       692,       656,       662,       650,       638
       693,       640,       655,       754,       753
       694,       776,       653,       646,       777
       695,       762,       652,       648,       763
       696,       657,       663,       655,       641
       697,       645,       654,       768,       767
       698,       656,       644,       658,       761
       699,       651,       659,       664,       660
       700,       762,       761,       658,       652
       701,       662,       665,       657,       650
       702,       649,       661,       666,       659
       703,       654,       660,       769,       768
       704,       653,       776,       775,       661
       705,       754,       655,       663,       755
       706,       665,       667,       663,       657
       707,       761,       760,       662,       656
       708,       660,       664,       770,       769
       709,       659,       666,       669,       664
       710,       661,       775,       774,       666
       711,       662,       760,       668,       665
       712,       755,       663,       667,       756
       713,       670,       667,       665,       668
       714,       664,       669,       771,       770
       715,       666,       774,       773,       669
       716,       759,       670,       668,       760
       717,       756,       667,       670,       757
       718,       669,       773,       772,       771
       719,       757,       670,       759,       758
*****
