# Plane Stress Analysis Solver - Ke & Me matrix
# Format: Debug Text Output
# Generated: Jul  5 2026 02:47:31

Solver Polynomial Order: 2
=== Elastictiy matrix ===
    7.79935e+06     2.57379e+06               0 
    2.57379e+06     7.79935e+06               0 
              0               0     2.61278e+06 
=== Stiffness Matrix ===
Size: 12 x 12
    3.11974e+08    -1.15165e-10     1.03991e+08    -3.43171e+07     2.90077e-11     1.71586e+07    -2.07983e+08     6.86343e+07     1.86265e-09    -5.58794e-09     5.58794e-09    -6.86343e+07 
   -1.15165e-10     1.04511e+08    -3.48371e+07     3.48371e+07     1.74185e+07     8.65902e-11     6.96742e+07    -6.96742e+07    -9.31323e-09               0    -6.96742e+07     9.31323e-10 
    1.03991e+08    -3.48371e+07     4.16485e+08    -2.07463e+08     1.74185e+07    -1.71586e+07    -2.07983e+08     6.96742e+07    -6.96742e+07     6.86343e+07    -2.98023e-08     1.49012e-08 
   -3.43171e+07     3.48371e+07    -2.07463e+08     4.16485e+08    -1.74185e+07     5.19957e+07     6.86343e+07    -6.96742e+07     6.96742e+07    -2.07983e+08               0              -0 
    2.90077e-11     1.74185e+07     1.74185e+07    -1.74185e+07     2.61278e+07               0    -3.72529e-09    -3.72529e-09    -3.48371e+07     3.48371e+07     3.72529e-09    -3.48371e+07 
    1.71586e+07     8.65902e-11    -1.71586e+07     5.19957e+07               0     7.79935e+07    -3.72529e-09    -3.72529e-09     3.43171e+07    -1.03991e+08    -3.43171e+07     3.72529e-09 
   -2.07983e+08     6.96742e+07    -2.07983e+08     6.86343e+07    -3.72529e-09    -4.65661e-09     2.77657e+08    -6.91542e+07    -4.47035e-08    -6.91542e+07    -6.96742e+07     6.91542e+07 
    6.86343e+07    -6.96742e+07     6.96742e+07    -6.96742e+07    -3.72529e-09    -3.72529e-09    -6.91542e+07     2.77657e+08    -6.91542e+07    -1.49012e-08     6.91542e+07    -2.07983e+08 
   -1.30385e-08    -9.31323e-09    -6.96742e+07     6.96742e+07    -3.48371e+07     3.43171e+07    -2.98023e-08    -6.91542e+07     2.77657e+08    -6.91542e+07    -2.07983e+08     6.91542e+07 
   -5.58794e-09               0     6.86343e+07    -2.07983e+08     3.48371e+07    -1.03991e+08    -6.91542e+07               0    -6.91542e+07     2.77657e+08     6.91542e+07    -6.96742e+07 
    1.49012e-08    -6.96742e+07    -2.98023e-08               0     3.72529e-09    -3.43171e+07    -6.96742e+07     6.91542e+07    -2.07983e+08     6.91542e+07     2.77657e+08    -6.91542e+07 
   -6.86343e+07     9.31323e-10     1.49012e-08              -0    -3.48371e+07     3.72529e-09     6.91542e+07    -2.07983e+08     6.91542e+07    -6.96742e+07    -6.91542e+07     2.77657e+08 

Mass matrix not generated (self-weight not applied)

=== Matrix Statistics ===
Ke (Stiffness) Matrix:
  Non-zero entries: 141
  Density: 97.9167%
  Min value: -2.07983e+08
  Max value: 4.16485e+08
  Mean absolute value: 6.95719e+07

Ke is symmetric: YES

=== Load Vector ===
              0
              0
              0
              0
          10000
              0
              0
              0
              0
              0
              0
              0

=== BC Flag Vector ===
              1
              1
              1
              1
              0
              0
              0
              0
              0
              0
              0
              0

=== Displacement Vector ===
              0
              0
              0
              0
     0.00215827
   -0.000431655
    3.66906e-05
    0.000359353
    0.000611871
   -0.000288129
    0.000503957
    0.000431655
